10    0.000787
10    0.001758
10    0.00266
10    0.003618
10    0.004316
10    0.004928
10    0.005685
10    0.006291
10    0.007014
10    0.008155
10    0.008672
10    0.009956
10    0.01104
10    0.012472
10    0.014141
10    0.015882
10    0.016979
10    0.018975
10    0.021301
10    0.023007
10    0.024508
10    0.026224
10    0.027578
10    0.029229
10    0.030867
100    0.086005
100    0.108067
100    0.124955
100    0.153043
100    0.184486
100    0.212926
100    0.241856
100    0.305795
100    0.356283
100    0.382915
100    0.401573
100    0.427442
100    0.455987
100    0.489465
100    0.528958
100    0.555055
100    0.574328
100    0.597814
100    0.634545
100    0.660792
100    0.678096
100    0.698721
100    0.721243
100    0.747993
100    0.770616
1000    1.71611
1000    3.11187
1000    4.40993
1000    5.78019
1000    7.62832
1000    8.95153
1000    10.9542
1000    12.0245
1000    14.4348
1000    16.7163
1000    18.6199
1000    21.0077
1000    22.4362
1000    23.1377
1000    24.0966
1000    25.4715
1000    27.2712
1000    29.1411
1000    31.1827
1000    33.0636
1000    35.019
1000    36.0036
1000    38.186
1000    39.2534
1000    41.0667
10    0.000667
10    0.001876
10    0.002418
10    0.003393
10    0.004423
10    0.005047
10    0.006256
10    0.017669
10    0.018649
10    0.019425
10    0.02023
10    0.021024
10    0.021617
10    0.022781
10    0.023657
10    0.024503
10    0.025754
10    0.026705
10    0.02763
10    0.028975
10    0.029661
10    0.030547
10    0.031262
10    0.031936
10    0.032694
100    0.045463
100    0.073679
100    0.095049
100    0.12435
100    0.140352
100    0.157115
100    0.181826
100    0.199624
100    0.219867
100    0.240934
100    0.258225
100    0.276345
100    0.296578
100    0.311297
100    0.327039
100    0.343662
100    0.357877
100    0.375484
100    0.396549
100    0.41608
100    0.441941
100    0.471133
100    0.489832
100    0.535181
100    0.550709
1000    1.35323
1000    3.75344
1000    5.43042
1000    7.24287
1000    8.60568
1000    9.11978
1000    10.6045
1000    11.7156
1000    12.8004
1000    14.2752
1000    15.874
1000    16.8707
1000    18.3857
1000    18.8955
1000    19.8518
1000    20.7177
1000    21.6774
1000    22.6443
1000    23.6889
1000    24.8211
1000    26.2814
1000    27.0524
1000    29.0132
1000    29.4466
1000    31.7629
10    0.000773
10    0.001756
10    0.002441
10    0.003229
10    0.004252
10    0.005264
10    0.005999
10    0.006608
10    0.007579
10    0.008261
10    0.008838
10    0.009917
10    0.010911
10    0.0121
10    0.013592
10    0.014933
10    0.016135
10    0.017711
10    0.018618
10    0.020953
10    0.022997
10    0.024109
10    0.024809
10    0.025553
10    0.026956
100    0.042276
100    0.068138
100    0.081654
100    0.146123
100    0.155011
100    0.170157
100    0.188933
100    0.214423
100    0.22854
100    0.24809
100    0.28599
100    0.30914
100    0.324095
100    0.336445
100    0.347739
100    0.362393
100    0.377923
100    0.422754
100    0.440418
100    0.452833
100    0.47815
100    0.499458
100    0.523022
100    0.540705
100    0.55913
1000    1.85551
1000    2.80803
1000    3.95564
1000    4.83464
1000    5.35982
1000    6.85764
1000    7.53919
1000    7.99319
1000    9.37639
1000    10.3077
1000    11.1281
1000    12.7925
1000    14.1606
1000    15.027
1000    17.8339
1000    21.0461
1000    23.2992
1000    25.6692
1000    28.0157
1000    29.8932
1000    30.7704
1000    31.164
1000    31.7906
1000    33.4286
1000    34.3571
10    0.001157
10    0.002388
10    0.003369
10    0.00425
10    0.004951
10    0.005709
10    0.006501
10    0.007253
10    0.008036
10    0.009153
10    0.010022
10    0.010996
10    0.012011
10    0.012763
10    0.014427
10    0.015629
10    0.016974
10    0.018484
10    0.019702
10    0.021935
10    0.023352
10    0.024904
10    0.026147
10    0.027267
10    0.029367
100    0.064107
100    0.094507
100    0.119499
100    0.151277
100    0.176113
100    0.208012
100    0.239568
100    0.268773
100    0.292821
100    0.312736
100    0.33403
100    0.354208
100    0.374421
100    0.398267
100    0.413865
100    0.430448
100    0.447267
100    0.464205
100    0.505726
100    0.525127
100    0.544016
100    0.55549
100    0.583419
100    0.6017
100    0.624825
1000    1.84422
1000    2.56427
1000    4.0855
1000    5.72124
1000    7.23424
1000    8.76958
1000    10.5248
1000    12.3295
1000    13.7875
1000    15.3522
1000    17.0078
1000    18.7074
1000    20.429
1000    23.3164
1000    24.7106
1000    26.1818
1000    28.4375
1000    30.6829
1000    33.3567
1000    35.3366
1000    38.4483
1000    41.8587
1000    43.2212
1000    45.3181
1000    47.3413
10    0.000869
10    0.001687
10    0.00285
10    0.003906
10    0.004828
10    0.005983
10    0.006836
10    0.007649
10    0.008889
10    0.010164
10    0.011623
10    0.013149
10    0.014812
10    0.015868
10    0.016815
10    0.017678
10    0.018642
10    0.019889
10    0.020986
10    0.021914
10    0.023043
10    0.024412
10    0.025208
10    0.026219
10    0.027478
100    0.043772
100    0.060265
100    0.076833
100    0.093312
100    0.113718
100    0.135779
100    0.150299
100    0.170767
100    0.184289
100    0.197397
100    0.211155
100    0.226703
100    0.264181
100    0.281452
100    0.314205
100    0.333193
100    0.346719
100    0.365934
100    0.381225
100    0.395812
100    0.414571
100    0.433112
100    0.444446
100    0.456587
100    0.471104
1000    1.89724
1000    5.1589
1000    8.27993
1000    11.3616
1000    13.1186
1000    15.9054
1000    18.854
1000    21.2334
1000    24.0818
1000    26.6507
1000    29.6516
1000    32.735
1000    34.3534
1000    36.1662
1000    37.8209
1000    39.4386
1000    41.3821
1000    43.0117
1000    44.5239
1000    46.2908
1000    47.8387
1000    50.2067
1000    52.0645
1000    53.7997
1000    55.2961
10    0.000805
10    0.001667
10    0.002483
10    0.003342
10    0.00423
10    0.005271
10    0.006154
10    0.007064
10    0.007976
10    0.009113
10    0.010176
10    0.01109
10    0.011787
10    0.012463
10    0.013143
10    0.013952
10    0.014797
10    0.015889
10    0.016619
10    0.01946
10    0.020167
10    0.020934
10    0.021889
10    0.022891
10    0.024131
100    0.042206
100    0.064198
100    0.089278
100    0.11813
100    0.147874
100    0.177736
100    0.207236
100    0.233548
100    0.271217
100    0.30464
100    0.331451
100    0.360278
100    0.388473
100    0.432792
100    0.468317
100    0.497923
100    0.531375
100    0.562136
100    0.593286
100    0.624865
100    0.654535
100    0.667588
100    0.680687
100    0.692228
100    0.70498
1000    2.2083
1000    3.69271
1000    5.16595
1000    6.59918
1000    8.181
1000    10.0585
1000    11.5741
1000    13.3438
1000    14.9116
1000    16.3756
1000    18.1011
1000    20.0693
1000    23.5547
1000    27.135
1000    30.4078
1000    33.1537
1000    35.6903
1000    37.7701
1000    40.647
1000    43.4003
1000    46.7096
1000    50.2246
1000    54.9263
1000    57.0532
1000    60.395
10    0.000772
10    0.002051
10    0.003237
10    0.004613
10    0.005789
10    0.007132
10    0.008389
10    0.009835
10    0.011555
10    0.013053
10    0.014869
10    0.016683
10    0.01804
10    0.019821
10    0.022365
10    0.023667
10    0.025305
10    0.02652
10    0.027695
10    0.028739
10    0.029596
10    0.030695
10    0.031543
10    0.032282
10    0.033416
100    0.059844
100    0.092116
100    0.123694
100    0.148804
100    0.171831
100    0.191097
100    0.206577
100    0.219564
100    0.234849
100    0.25132
100    0.264972
100    0.284837
100    0.304762
100    0.322751
100    0.338609
100    0.351159
100    0.363051
100    0.375297
100    0.38802
100    0.400589
100    0.412591
100    0.428319
100    0.440638
100    0.454971
100    0.46759
1000    2.46926
1000    3.36221
1000    5.25737
1000    6.84084
1000    9.12044
1000    11.398
1000    13.9318
1000    16.5342
1000    18.9291
1000    21.2692
1000    24.3768
1000    27.0733
1000    29.4305
1000    32.5096
1000    34.256
1000    36.8783
1000    39.7076
1000    42.0171
1000    44.3242
1000    46.4374
1000    49.3853
1000    52.241
1000    54.9411
1000    58.7774
1000    62.5581
10    0.0026
10    0.0038
10    0.0048
10    0.0062
10    0.0073
10    0.0085
10    0.0098
10    0.0109
10    0.0121
10    0.0132
10    0.0145
10    0.0155
10    0.0166
10    0.0183
10    0.0197
10    0.0208
10    0.0222
10    0.0235
10    0.0245
10    0.0258
10    0.0269
10    0.0286
10    0.0298
10    0.0309
10    0.0325
100    0.0536
100    0.0844
100    0.1066
100    0.1201
100    0.1338
100    0.1476
100    0.1651
100    0.181
100    0.1977
100    0.2205
100    0.2395
100    0.2604
100    0.2785
100    0.3042
100    0.3269
100    0.3462
100    0.3602
100    0.3728
100    0.3877
100    0.4007
100    0.4132
100    0.4279
100    0.4514
100    0.4676
100    0.4864
1000    1.2573
1000    2.2355
1000    3.2671
1000    4.2133
1000    5.3735
1000    6.3032
1000    7.3373
1000    8.1801
1000    9.0458
1000    9.6945
1000    10.5945
1000    11.1864
1000    12.0639
1000    12.4649
1000    13.3389
1000    13.7195
1000    14.586
1000    15.1728
1000    16.131
1000    16.5777
1000    17.524
1000    17.9772
1000    18.9226
1000    19.4242
1000    21.0856
